228-(0,1,0,1),
316-(0,1,0,3),
316-(1,0,1,0),
349-(3,0,3,0),
363-(3,0,0,0),
387-(1,0,3,0),

391-(3,0,0,1),
396-(3,1,0,1),
411-(1,0,0,0),
413-(0,3,0,0),


413-(1,0,0,1),
421-(3,0,1,0),

439-(0,3,0,1),439-(1,0,0,3),441-(1,1,0,1),452-(1,1,0,3),458-(1,3,0,0),462-(2,0,0,0),464-(3,3,0,0),466-(0,0,0,1),473-(0,1,0,0),478-(0,0,3,0),482-(1,1,0,0),485-(0,1,1,0),485-(0,3,0,3),491-(0,3,3,0),499-(0,0,0,3),500-(3,1,0,3),517-(0,0,1,0),522-(0,2,0,0),530-(0,1,3,0),534-(3,3,0,1),539-(3,0,0,3),540-(1,3,0,3),542-(3,3,0,3),545-(0,0,1,1),545-(3,0,3,3),547-(2,3,0,1),548-(2,3,0,0),555-(3,0,1,3),556-(0,3,1,0),556-(2,1,0,1),561-(3,1,0,0),564-(0,0,3,3),564-(1,3,3,0),565-(1,0,1,3),568-(2,0,3,0),571-(3,3,3,0),572-(1,0,2,0),573-(2,0,1,0),580-(2,0,0,1),580-(2,3,0,3),586-(2,1,0,0),586-(3,1,3,0),587-(0,1,1,3),588-(0,3,3,3),591-(1,1,3,0),592-(1,3,0,1),594-(2,1,0,3),596-(0,3,1,3),597-(1,0,3,3),598-(3,1,1,0),601-(0,0,3,1),602-(0,1,3,3),607-(3,2,0,0),609-(0,0,1,3),616-(0,3,1,1),618-(0,2,3,0),621-(2,1,3,0),627-(2,1,1,0),627-(2,3,3,0),630-(2,2,0,0),632-(1,2,0,3),636-(3,0,2,0),637-(0,2,0,3),639-(1,2,0,1),643-(2,0,0,3),644-(3,2,3,0),647-(3,0,1,1),653-(1,2,0,0),654-(1,2,1,0),656-(0,2,0,1),656-(1,2,3,0),660-(2,0,1,3),660-(2,0,3,3),670-(0,1,1,1),673-(0,0,2,0),673-(3,2,0,3),674-(1,0,3,1),681-(3,3,0,2),684-(0,2,1,0),687-(3,2,0,1),691-(3,0,3,1),692-(2,2,3,0),693-(0,1,3,1),698-(0,3,3,1),702-(2,0,2,0),719-(2,2,0,3),722-(1,1,1,0),722-(1,3,1,1),722-(1,3,1,3),724-(0,2,2,0),724-(2,0,1,1),730-(1,0,1,1),730-(3,1,0,2),731-(1,1,1,3),731-(1,1,3,3),732-(0,3,2,0),732-(1,1,1,1),734-(1,0,1,2),734-(1,3,1,0),734-(1,3,2,0),738-(0,2,1,3),739-(2,3,2,0),740-(3,1,1,3),740-(3,3,1,0),741-(1,3,3,3),741-(3,3,1,1),743-(3,3,1,3),744-(1,0,2,1),746-(2,3,1,0),746-(3,2,1,0),748-(3,3,2,0),751-(3,1,3,3),752-(0,2,1,1),752-(0,2,3,3),756-(2,2,1,0),758-(1,1,2,0),759-(1,2,1,3),759-(2,2,0,1),761-(1,0,0,2),761-(2,1,1,3),763-(0,1,2,0),763-(1,3,0,2),764-(2,3,1,3),766-(1,1,0,2),767-(1,2,3,3),767-(3,2,1,3),768-(0,1,0,2),770-(2,3,1,1),770-(3,2,2,0),772-(0,3,0,2),772-(3,0,2,3),773-(2,1,3,3),777-(1,0,2,3),777-(3,2,1,1),779-(3,2,3,3),780-(2,0,3,1),786-(2,2,3,3),788-(3,3,3,3),789-(2,1,0,2),789-(2,1,2,0),790-(2,2,2,0),792-(2,3,3,3),793-(0,0,2,3),795-(2,0,2,3),797-(0,3,2,3),799-(2,3,0,2),799-(3,1,2,3),800-(3,0,0,2),800-(3,3,2,3),801-(0,1,2,1),802-(0,1,2,3),807-(1,3,2,3),807-(1,3,3,1),807-(2,3,2,3),808-(0,2,2,3),810-(1,1,2,3),810-(1,1,3,1),814-(1,2,0,2),815-(3,1,2,1),817-(1,2,2,0),817-(3,1,2,0),819-(3,0,2,1),819-(3,1,1,1),822-(3,2,2,3),823-(2,2,1,3),823-(3,3,3,1),825-(3,0,2,2),825-(3,1,3,1),826-(1,0,2,2),827-(2,2,1,1),833-(1,0,3,2),837-(2,2,2,3),838-(3,0,1,2),840-(2,1,2,1),840-(2,1,2,3),849-(0,0,0,0),849-(1,2,2,1),851-(1,2,2,3),857-(3,2,0,2),858-(0,0,2,1),858-(2,1,1,1),859-(1,2,1,1),860-(2,2,0,2),865-(0,0,0,2),870-(0,2,0,2),872-(0,1,1,2),872-(0,3,3,2),872-(3,2,3,2),873-(0,0,3,2),873-(0,1,3,2),874-(2,2,3,2),874-(2,3,3,2),875-(2,0,3,2),875-(3,0,3,2),879-(2,0,0,2),880-(0,2,3,2),880-(1,2,3,2),880-(2,1,3,2),885-(0,0,2,2),886-(1,3,3,2),887-(1,1,3,2),887-(3,3,3,2),892-(3,1,3,2),893-(0,0,1,2),895-(1,1,2,1),898-(2,0,2,1),898-(2,0,2,2),902-(0,2,2,1),904-(0,2,3,1),904-(3,3,2,2),905-(0,3,2,2),907-(1,3,2,2),910-(2,1,3,1),911-(2,3,2,2),911-(2,3,3,1),911-(3,1,1,2),914-(2,0,1,2),916-(1,2,1,2),916-(1,2,3,1),916-(3,2,3,1),918-(2,1,1,2),918-(2,2,2,1),918-(2,2,3,1),927-(0,2,2,2),929-(3,3,2,1),931-(0,3,2,1),933-(1,3,2,1),936-(2,3,2,1),936-(3,2,2,2),937-(1,1,2,2),940-(3,2,2,1),943-(0,2,1,2),948-(0,1,2,2),951-(2,2,1,2),963-(2,2,2,2),964-(3,3,1,2),968-(1,3,1,2),971-(3,2,1,2),972-(0,3,1,2),974-(2,3,1,2),976-(1,1,1,2),976-(2,1,2,2),985-(1,2,2,2),989-(3,1,2,2),
