234-(3,0,0,1),
246-(0,3,0,0),

268-(0,1,0,1),
272-(0,3,0,1),

272-(2,0,0,1),
289-(1,0,1,0),

332-(1,1,0,1),
333-(0,0,0,1),

333-(1,0,0,1),
357-(1,0,3,0),

368-(3,1,0,1),
370-(3,0,0,0),


388-(0,1,0,3),
416-(1,0,0,0),

418-(2,0,0,0),
420-(0,0,1,1),

425-(0,2,0,1),426-(3,0,0,3),437-(0,3,0,3),437-(1,0,1,3),450-(2,0,1,1),452-(3,0,3,3),455-(0,0,1,0),461-(0,1,1,0),465-(0,2,0,0),471-(2,0,0,3),477-(0,3,3,0),480-(3,1,0,3),490-(1,3,0,0),490-(3,2,0,1),494-(0,0,3,3),506-(3,3,0,0),515-(2,3,0,0),520-(1,0,2,0),523-(3,2,0,0),533-(0,3,1,0),538-(1,0,0,3),543-(3,0,1,0),548-(2,0,1,3),560-(2,1,0,1),563-(0,2,0,3),570-(3,0,1,1),572-(1,0,1,2),575-(2,1,0,0),578-(0,0,0,3),581-(2,2,0,0),583-(2,1,0,3),586-(0,1,3,0),588-(0,0,2,0),588-(0,0,3,0),588-(0,1,2,0),595-(3,0,2,0),600-(1,0,2,1),603-(0,2,2,0),604-(3,2,0,3),606-(1,2,0,0),606-(2,0,2,0),607-(1,2,0,1),611-(2,2,0,1),615-(0,2,3,0),616-(3,1,0,0),617-(0,0,3,1),621-(0,1,0,0),623-(2,3,3,0),628-(2,2,0,3),628-(3,2,3,0),629-(1,2,0,3),630-(2,1,3,0),631-(3,0,1,3),633-(0,1,1,1),633-(1,0,3,1),637-(0,1,0,2),639-(1,2,3,0),640-(1,2,1,0),641-(1,3,0,1),643-(1,1,3,0),643-(2,0,3,0),645-(2,3,0,1),646-(3,0,3,0),647-(2,3,0,3),650-(2,0,1,0),655-(2,1,1,0),657-(0,1,1,3),658-(1,0,0,2),660-(1,3,2,0),663-(3,1,3,0),664-(0,0,3,2),664-(3,3,2,0),668-(0,2,1,0),671-(3,1,1,0),672-(1,1,0,0),678-(2,2,3,0),681-(1,0,1,1),687-(0,3,1,3),688-(3,3,0,2),691-(1,0,3,3),693-(0,3,2,0),695-(2,3,2,0),696-(1,1,0,3),706-(0,0,1,3),706-(3,3,0,1),707-(1,1,0,2),707-(3,3,0,3),714-(0,3,1,1),724-(0,1,3,1),724-(3,2,2,0),725-(0,1,1,2),726-(0,3,0,2),727-(1,1,2,0),728-(3,2,1,0),729-(0,2,1,1),729-(3,0,3,1),742-(0,3,3,1),743-(2,1,0,2),744-(1,1,1,0),745-(3,1,0,2),745-(3,3,3,0),747-(1,3,0,2),749-(1,0,2,3),750-(1,3,3,0),751-(2,2,1,0),758-(3,0,2,3),760-(0,1,3,3),760-(1,1,1,1),760-(2,0,3,1),761-(2,1,2,0),765-(2,0,3,3),769-(2,2,2,0),770-(0,2,2,3),770-(0,2,3,3),771-(1,1,3,3),771-(1,3,1,0),771-(2,1,3,3),774-(2,3,1,3),776-(1,1,1,3),776-(2,3,1,1),776-(3,3,2,3),777-(0,1,2,1),778-(1,0,3,2),778-(2,1,2,1),780-(0,0,2,1),780-(1,2,3,3),781-(0,0,2,3),781-(2,2,3,3),782-(3,0,2,2),783-(2,3,0,2),783-(3,2,1,3),784-(2,0,2,1),784-(2,1,1,3),785-(0,0,0,2),785-(3,3,1,1),786-(1,2,0,2),786-(2,2,1,3),786-(2,3,1,0),787-(0,3,2,3),787-(1,2,2,0),788-(1,3,1,1),788-(3,1,2,1),790-(0,1,2,3),791-(2,0,2,3),792-(2,2,0,2),792-(3,2,1,1),793-(1,1,2,3),793-(2,0,0,2),794-(1,2,1,3),794-(3,2,3,2),797-(3,2,3,3),799-(2,1,1,2),800-(0,1,3,2),801-(2,1,2,3),802-(0,2,1,3),804-(1,3,2,3),804-(3,1,2,0),805-(2,3,2,3),805-(3,2,0,2),805-(3,2,2,3),806-(1,2,2,3),809-(3,3,3,2),810-(0,0,1,2),810-(3,1,1,3),811-(0,3,3,3),811-(2,3,3,2),811-(3,1,3,2),811-(3,1,3,3),812-(1,1,3,2),812-(3,1,2,3),813-(3,0,0,2),814-(1,2,2,1),815-(0,3,3,2),816-(1,0,2,2),817-(0,2,3,2),820-(2,1,3,2),820-(2,3,3,3),822-(2,2,1,1),823-(2,0,3,2),824-(1,3,3,2),825-(3,0,2,1),825-(3,1,1,2),827-(0,2,0,2),828-(2,2,2,3),829-(1,3,2,2),831-(1,2,1,2),834-(3,0,3,2),835-(0,0,2,2),838-(3,3,1,3),840-(2,2,3,2),841-(1,2,3,2),841-(1,3,1,3),843-(1,1,2,2),846-(0,3,2,2),846-(1,3,0,3),849-(0,0,0,0),850-(1,1,3,1),852-(0,2,3,1),854-(3,2,2,2),855-(2,3,2,2),855-(3,3,2,2),864-(3,0,1,2),867-(3,1,1,1),870-(3,3,3,3),872-(0,3,2,1),873-(2,0,2,2),874-(0,2,2,1),878-(3,3,3,1),879-(0,2,1,2),882-(3,1,3,1),885-(0,1,2,2),891-(0,2,2,2),892-(2,0,1,2),892-(3,3,1,0),896-(2,2,2,2),899-(1,3,3,1),902-(1,1,2,1),903-(2,1,1,1),907-(2,2,2,1),913-(0,3,1,2),913-(1,3,2,1),915-(1,1,1,2),917-(2,1,3,1),918-(2,2,3,1),919-(1,3,1,2),919-(2,3,3,1),920-(1,2,1,1),921-(1,3,3,3),922-(1,2,3,1),922-(3,3,2,1),923-(3,2,3,1),931-(2,3,2,1),939-(3,3,1,2),940-(3,2,2,1),948-(2,2,1,2),955-(2,3,1,2),957-(3,2,1,2),978-(2,1,2,2),978-(3,1,2,2),988-(1,2,2,2),
