0-(0,0,0,0),21-(3,0,0,0),60-(3,3,0,0),109-(0,3,0,0),481-(3,0,1,0),
562-(0,3,0,1),585-(1,3,0,0),

623-(3,0,0,1),
637-(2,0,0,0),
681-(1,3,1,0),

734-(3,3,1,0),
815-(3,1,1,0),
818-(0,3,1,0),
818-(3,1,0,0),
844-(0,0,3,0),883-(3,1,0,1),982-(2,3,0,0),990-(0,1,0,1),1001-(1,0,3,0),
1033-(1,3,0,1),1052-(2,0,1,0),1066-(3,2,0,0),1106-(3,0,1,1),1114-(0,2,0,0),1138-(1,0,1,0),1157-(2,2,0,0),1269-(1,0,0,0),1318-(0,3,1,1),1368-(0,1,0,0),1401-(1,0,0,1),1411-(0,1,3,0),1430-(2,1,0,0),1451-(0,2,1,0),1466-(3,0,3,0),1469-(2,3,1,0),1508-(0,0,0,1),1539-(1,2,1,0),1544-(2,1,1,0),1649-(1,2,0,0),1654-(0,1,1,0),1745-(3,2,1,0),1755-(3,3,0,1),1857-(0,0,1,0),1919-(2,0,3,0),1929-(2,2,3,0),1939-(0,0,1,1),1960-(1,0,3,1),1960-(2,2,1,0),2012-(0,0,3,1),2122-(1,1,1,0),2196-(1,1,0,0),2197-(0,0,2,0),2202-(3,3,2,0),2282-(0,2,3,0),2285-(1,1,3,0),2319-(1,0,2,0),2322-(0,1,3,1),2354-(0,1,1,1),2358-(3,2,3,0),2362-(1,1,0,1),2377-(1,0,1,1),2425-(0,3,2,0),2452-(1,2,3,0),2482-(3,1,3,0),2584-(3,0,2,0),2606-(0,1,2,0),2677-(3,0,3,1),2689-(1,3,2,0),2955-(2,0,2,0),3072-(2,1,3,0),3076-(1,1,2,0),3087-(2,3,2,0),3095-(2,0,0,1),3156-(0,3,3,0),3386-(3,1,2,0),3574-(2,1,2,0),3887-(0,3,3,1),3973-(2,3,3,0),3977-(1,3,3,0),4564-(1,2,0,1),4629-(2,0,1,1),4636-(3,2,2,0),4691-(2,1,0,1),4710-(2,2,0,1),4727-(0,2,0,1),4743-(0,2,2,0),4749-(3,2,0,1),4954-(2,3,0,1),5002-(1,2,2,0),5336-(1,0,2,1),5375-(2,0,3,1),5438-(0,0,2,1),5480-(0,2,1,1),5505-(3,0,2,1),5527-(3,3,3,0),5559-(0,1,2,1),5841-(2,0,2,1),5906-(0,2,3,1),5940-(0,3,2,1),6204-(0,2,2,1),6260-(2,2,2,0),6742-(3,2,1,1),6764-(1,2,1,1),6838-(1,2,3,1),6840-(3,2,3,1),6928-(1,3,1,1),6965-(3,3,1,1),7002-(1,1,1,3),7007-(2,1,1,1),7010-(3,3,1,3),7011-(1,2,3,3),7014-(1,2,1,3),7015-(2,1,1,3),7016-(1,1,3,3),7016-(2,1,3,3),7016-(2,3,1,3),7018-(1,3,1,3),7019-(2,3,3,3),7019-(3,2,1,3),7022-(3,3,3,3),7024-(1,3,3,3),7024-(3,1,3,3),7028-(3,1,1,3),7028-(3,2,3,3),7043-(2,2,1,1),7059-(2,3,1,1),7064-(2,2,3,1),7103-(3,3,3,1),7118-(1,3,3,1),7124-(2,1,3,1),7155-(2,3,0,3),7166-(2,3,3,1),7272-(2,0,1,3),7275-(0,2,3,3),7277-(0,2,1,3),7277-(2,0,3,3),7284-(3,2,0,3),7309-(2,2,3,3),7318-(2,1,0,3),7324-(2,2,1,3),7400-(2,1,2,1),7407-(1,2,2,1),7469-(2,3,2,1),7481-(3,2,2,1),7491-(0,1,2,3),7496-(1,2,0,3),7505-(0,3,2,3),7506-(3,0,2,3),7516-(1,3,2,1),7520-(1,1,2,1),7549-(3,3,2,1),7551-(3,1,2,1),7553-(2,2,0,3),7565-(3,1,1,1),7585-(0,2,0,3),7600-(3,1,3,1),7617-(1,1,3,1),7621-(1,0,2,3),7632-(0,0,2,3),7636-(2,2,2,1),7718-(2,0,2,3),7732-(2,0,0,3),7807-(0,3,1,3),7843-(0,1,0,3),7844-(0,1,1,3),7898-(1,1,1,1),7901-(1,1,0,3),7910-(0,3,3,3),7928-(1,0,1,3),7929-(3,1,0,3),7932-(0,0,1,3),7937-(1,0,0,3),7937-(3,3,0,3),7939-(1,0,3,3),7939-(1,3,0,3),7946-(0,0,0,3),7946-(0,0,3,3),7949-(0,3,3,2),7956-(0,1,3,3),7960-(3,0,3,3),7961-(3,0,0,3),7961-(3,0,1,3),7967-(0,3,0,3),7967-(1,2,2,3),7967-(3,2,3,2),7971-(3,0,3,2),7972-(0,0,3,2),7972-(0,2,1,2),7973-(0,2,2,3),7974-(0,0,0,2),7974-(1,0,0,2),7974-(1,1,2,3),7974-(1,1,3,2),7974-(3,2,0,2),7975-(0,1,0,2),7976-(0,0,1,2),7976-(0,2,0,2),7976-(1,0,1,2),7976-(1,3,3,2),7976-(3,1,2,3),7978-(3,2,2,3),7979-(1,0,3,2),7979-(2,1,2,3),7979-(3,0,0,2),7980-(1,1,0,2),7980-(2,2,0,2),7980-(2,3,3,2),7980-(3,1,0,2),7981-(1,1,1,2),7981-(2,0,3,2),7981-(2,3,1,2),7981-(3,0,1,2),7981-(3,3,3,2),7982-(0,3,0,2),7982-(1,3,0,2),7982-(2,0,0,2),7982-(2,1,0,2),7983-(0,1,1,2),7983-(1,2,0,2),7983-(2,2,2,3),7983-(3,1,1,2),7983-(3,1,3,2),7984-(0,1,3,2),7984-(0,2,3,2),7984-(1,3,2,3),7984-(2,3,0,2),7985-(2,1,3,2),7985-(2,3,2,3),7985-(3,2,1,2),7985-(3,3,2,2),7986-(1,2,1,2),7986-(1,2,3,2),7986-(3,2,2,2),7987-(0,3,1,2),7987-(1,3,1,2),7987-(2,0,1,2),7987-(2,1,1,2),7988-(0,1,2,2),7988-(0,3,2,2),7988-(3,3,0,2),7988-(3,3,2,3),7989-(2,2,3,2),7989-(2,3,2,2),7990-(2,2,1,2),7990-(3,3,1,2),7991-(1,1,2,2),7992-(1,0,2,2),7992-(2,1,2,2),7992-(3,0,2,2),7993-(0,0,2,2),7993-(2,0,2,2),7993-(3,1,2,2),7994-(0,2,2,2),7994-(1,3,2,2),7997-(1,2,2,2),7998-(2,2,2,2),

//////

0-(0,0,0,0),16-(3,0,0,0),56-(3,3,0,0),117-(0,3,0,0),507-(3,0,1,0),
564-(0,3,0,1),599-(1,3,0,0),

683-(1,3,1,0),
694-(3,0,0,1),
723-(3,3,1,0),

796-(3,1,1,0),
805-(2,0,0,0),
822-(3,1,0,0),
828-(0,0,3,0),863-(0,3,1,0),899-(3,1,0,1),976-(1,0,3,0),997-(2,0,1,0),
1037-(0,1,0,1),1071-(2,3,0,0),1080-(1,3,0,1),1105-(1,0,1,0),1109-(3,0,1,1),1127-(3,2,0,0),1145-(0,2,0,0),1241-(1,0,0,0),1306-(2,2,0,0),1322-(2,1,0,0),1332-(0,1,3,0),1367-(0,3,1,1),1384-(0,1,0,0),1456-(1,2,0,0),1461-(0,2,1,0),1462-(3,0,3,0),1482-(2,1,1,0),1490-(1,0,0,1),1539-(2,3,1,0),1547-(0,0,0,1),1601-(1,2,1,0),1608-(0,1,1,0),1609-(3,3,0,1),1731-(2,2,1,0),1836-(3,2,1,0),1847-(0,0,1,0),1910-(1,0,3,1),1942-(0,0,3,1),2018-(2,0,3,0),2075-(2,2,3,0),2122-(0,0,1,1),2138-(1,1,1,0),2175-(0,0,2,0),2185-(0,2,3,0),2220-(3,3,2,0),2254-(1,1,3,0),2266-(1,1,0,0),2271-(0,1,3,1),2335-(1,1,0,1),2343-(1,0,2,0),2362-(1,0,1,1),2382-(0,1,1,1),2391-(1,2,3,0),2435-(3,1,3,0),2491-(3,0,2,0),2512-(0,3,2,0),2531-(3,2,3,0),2586-(3,0,3,1),2598-(0,1,2,0),2753-(1,3,2,0),2879-(2,3,2,0),3007-(2,0,0,1),3024-(2,1,3,0),3060-(2,0,2,0),3061-(1,1,2,0),3113-(0,3,3,0),3261-(3,1,2,0),3441-(2,1,2,0),3831-(2,3,3,0),3941-(1,3,3,0),3942-(0,3,3,1),4492-(0,2,0,1),4552-(3,2,2,0),4691-(1,2,0,1),4725-(3,2,0,1),4746-(2,0,1,1),4749-(2,3,0,1),4758-(2,1,0,1),4786-(0,2,2,0),4860-(2,2,0,1),5178-(1,2,2,0),5331-(2,0,3,1),5354-(0,2,1,1),5441-(0,0,2,1),5455-(1,0,2,1),5529-(3,0,2,1),5577-(0,1,2,1),5645-(3,3,3,0),5761-(0,3,2,1),5825-(0,2,3,1),5977-(2,0,2,1),6238-(0,2,2,1),6316-(2,2,2,0),6762-(3,2,1,1),6795-(1,2,1,1),6840-(3,2,3,1),6847-(1,2,3,1),6899-(1,3,1,1),6943-(3,3,1,1),6994-(2,2,3,1),7007-(3,1,1,3),7008-(3,2,1,3),7009-(1,1,1,3),7010-(2,1,1,3),7010-(2,3,1,3),7011-(3,2,3,3),7013-(1,2,1,3),7013-(2,3,1,1),7014-(1,3,1,3),7017-(1,1,3,3),7019-(1,2,3,3),7020-(3,3,1,3),7022-(2,3,3,3),7024-(1,3,3,3),7024-(3,1,3,3),7026-(3,3,3,3),7029-(2,1,3,3),7039-(2,2,1,1),7041-(2,1,1,1),7095-(1,3,3,1),7125-(3,3,3,1),7145-(2,3,3,1),7150-(2,1,3,1),7161-(2,3,0,3),7275-(0,2,3,3),7283-(2,0,1,3),7286-(0,2,1,3),7296-(2,0,3,3),7297-(3,2,0,3),7305-(2,1,0,3),7315-(2,2,1,3),7323-(2,2,3,3),7374-(1,2,2,1),7415-(3,2,2,1),7474-(3,1,2,1),7478-(2,3,2,1),7487-(1,2,0,3),7491-(0,1,2,3),7494-(3,0,2,3),7506-(0,3,2,3),7511-(2,1,2,1),7513-(1,1,2,1),7522-(1,3,2,1),7527-(3,1,1,1),7549-(3,3,2,1),7567-(0,3,3,3),7570-(2,2,0,3),7575-(0,2,0,3),7581-(2,2,2,1),7584-(3,1,3,1),7623-(1,1,3,1),7630-(1,0,2,3),7635-(3,0,0,3),7646-(0,0,2,3),7660-(0,0,1,3),7672-(0,0,3,3),7696-(2,0,2,3),7731-(2,0,0,3),7862-(0,3,1,3),7886-(3,0,3,3),7887-(1,1,1,1),7891-(0,1,1,3),7893-(3,3,0,3),7898-(1,1,0,3),7918-(1,0,1,3),7930-(1,0,0,3),7931-(0,1,3,3),7932-(3,1,0,3),7935-(3,0,1,3),7939-(0,0,0,3),7941-(1,0,3,3),7944-(0,1,0,3),7944-(1,3,0,3),7946-(0,3,0,3),7959-(1,3,3,2),7963-(1,0,0,2),7967-(0,3,3,2),7967-(1,1,3,2),7971-(0,2,3,2),7971-(2,3,0,2),7971-(3,3,3,2),7972-(2,2,2,3),7972-(3,2,2,3),7973-(0,0,3,2),7973-(0,1,1,2),7973-(1,0,3,2),7973-(1,1,2,3),7973-(2,0,1,2),7974-(1,2,2,3),7974-(3,1,3,2),7975-(2,1,2,3),7975-(3,3,0,2),7976-(0,2,2,3),7976-(3,2,0,2),7976-(3,3,1,2),7977-(0,0,1,2),7977-(0,2,1,2),7978-(0,1,0,2),7978-(2,3,2,3),7978-(3,0,3,2),7979-(0,3,0,2),7979-(1,1,0,2),7979-(1,3,0,2),7979-(1,3,1,2),7979-(2,0,0,2),7979-(2,1,3,2),7979-(3,0,1,2),7979-(3,2,3,2),7980-(0,3,1,2),7980-(1,3,2,3),7980-(2,0,3,2),7980-(2,2,1,2),7980-(2,2,3,2),7980-(2,3,3,2),7981-(2,1,0,2),7981-(3,1,0,2),7981-(3,1,1,2),7982-(0,1,3,2),7982-(1,2,0,2),7982-(3,1,2,3),7983-(0,2,0,2),7983-(1,0,1,2),7983-(3,0,0,2),7984-(0,3,2,2),7984-(1,2,3,2),7984-(1,3,2,2),7985-(1,1,1,2),7985-(1,2,1,2),7985-(2,3,1,2),7985-(3,2,1,2),7985-(3,3,2,2),7985-(3,3,2,3),7986-(2,2,0,2),7988-(0,0,0,2),7988-(2,1,1,2),7988-(2,1,2,2),7991-(0,0,2,2),7993-(3,1,2,2),7994-(1,2,2,2),7994-(2,0,2,2),7994-(3,0,2,2),7995-(1,0,2,2),7995-(1,1,2,2),7995-(3,2,2,2),7996-(0,1,2,2),7997-(0,2,2,2),7997-(2,2,2,2),7997-(2,3,2,2),



